#TimeStep,Date,DaysInPeriod,ZeroOrderDIM,AverageDIM,AverageFLOW,SimpleDIM,NettingSet
0,2016-02-19,14,3046332.665076,3035535.079094,0.000000,3274391.984749,CPTY_A
1,2016-03-04,14,3089993.477903,3030958.367652,-250659.039482,2808450.827354,CPTY_A
2,2016-03-18,14,2909971.335329,2894250.878501,0.000000,3130720.240685,CPTY_A
3,2016-04-01,14,3042623.257692,3022833.354059,0.000000,3225142.522736,CPTY_A
4,2016-04-15,14,3013042.940705,3003270.302493,153738.075234,2707853.790536,CPTY_A
5,2016-04-29,14,2765405.124349,2759005.419055,0.000000,2748405.799021,CPTY_A
6,2016-05-13,14,2961370.130248,2953286.934096,0.000000,2814369.042316,CPTY_A
7,2016-05-27,14,2967554.270181,2965709.378328,8772.507630,3078586.646105,CPTY_A
8,2016-06-10,14,3074410.672485,3043014.843228,0.000000,2950986.708595,CPTY_A
9,2016-06-24,14,3098636.789259,3055802.054973,0.000000,3228118.183707,CPTY_A
10,2016-07-08,14,3039163.994264,3030258.672366,135221.776647,2968318.396099,CPTY_A
11,2016-07-22,14,2713140.898568,2709624.672471,0.000000,2438123.148629,CPTY_A
12,2016-08-05,14,2907174.042564,2894922.531462,0.000000,2277519.978162,CPTY_A
13,2016-08-19,14,3152620.541584,3147970.490948,0.000000,2857205.310122,CPTY_A
14,2016-09-02,14,2796122.683400,2784185.526297,79301.624108,2395808.963203,CPTY_A
15,2016-09-16,14,2307985.688951,2293931.748378,0.000000,2417899.595290,CPTY_A
16,2016-09-30,14,3205805.107312,3181560.037937,0.000000,3507738.100722,CPTY_A
17,2016-10-14,14,2847718.982611,2823157.235706,130222.007507,2719799.345830,CPTY_A
18,2016-10-28,17,2785758.922636,2777334.687914,0.000000,2247704.406914,CPTY_A
19,2016-11-14,11,2809818.521293,2793498.205611,0.000000,2862720.481725,CPTY_A
20,2016-11-25,14,2830507.382794,2780433.682294,12487.017009,2565332.438140,CPTY_A
21,2016-12-09,14,2713944.405698,2674124.781221,0.000000,2299211.748926,CPTY_A
22,2016-12-23,14,2818826.145493,2748422.913535,0.000000,2550599.710816,CPTY_A
23,2017-01-06,14,2736531.993111,2632983.659967,0.000000,2758641.875489,CPTY_A
24,2017-01-20,14,2630685.551241,2614952.393479,119440.802520,2723862.134125,CPTY_A
25,2017-02-03,14,2865232.605803,2830483.449986,0.000000,2920672.063696,CPTY_A
26,2017-02-17,14,2800279.041394,2748252.045832,0.000000,2643885.084687,CPTY_A
27,2017-03-03,14,2809122.260135,2734308.466372,-204616.424946,2668353.518758,CPTY_A
28,2017-03-17,14,2631305.897366,2608576.710196,0.000000,2860693.168700,CPTY_A
29,2017-03-31,18,2582187.005044,2483363.869800,0.000000,2564955.700638,CPTY_A
30,2017-04-18,10,2491497.185433,2471326.881863,115923.262041,2386282.217107,CPTY_A
31,2017-04-28,14,2642690.635982,2634484.972965,0.000000,2273919.913461,CPTY_A
32,2017-05-12,14,2628153.243213,2466746.899857,0.000000,2485195.949676,CPTY_A
33,2017-05-26,14,2696823.685147,2694742.508108,17083.907924,2507799.439798,CPTY_A
34,2017-06-09,14,2572731.075592,2550261.640718,0.000000,2609998.301718,CPTY_A
35,2017-06-23,14,2528175.690985,2484873.051244,0.000000,2036376.058097,CPTY_A
36,2017-07-07,14,2667808.387584,2640608.000474,0.000000,2532039.418088,CPTY_A
37,2017-07-21,14,2680780.460892,2498585.230629,112404.147914,2882584.351276,CPTY_A
38,2017-08-04,14,2669456.177927,2610373.239636,0.000000,2522461.485613,CPTY_A
39,2017-08-18,14,2637059.365347,2594225.181102,0.000000,2612535.810575,CPTY_A
40,2017-09-01,14,2454015.382638,2431333.651563,73654.294871,2283366.054691,CPTY_A
41,2017-09-15,14,2279918.266540,2217054.011017,0.000000,2476583.443560,CPTY_A
42,2017-09-29,14,2587859.985865,2481770.594497,0.000000,2370108.456023,CPTY_A
43,2017-10-13,14,2531655.750246,2435468.568579,111056.323480,2680046.222565,CPTY_A
44,2017-10-27,17,2590424.130705,2484598.767096,0.000000,2619303.268509,CPTY_A
45,2017-11-13,11,2563248.852335,2517629.390708,0.000000,2423484.065507,CPTY_A
46,2017-11-24,14,2505749.816788,2425811.906417,16109.515961,2372229.518436,CPTY_A
47,2017-12-08,14,2425504.358435,2322267.254301,0.000000,1939326.410189,CPTY_A
48,2017-12-22,14,2514075.785163,2410497.165280,0.000000,2306006.602728,CPTY_A
49,2018-01-05,14,2414909.690163,2403504.056650,0.000000,2159055.239345,CPTY_A
50,2018-01-19,14,2468600.107741,2401341.036477,109637.429855,2604180.910932,CPTY_A
51,2018-02-02,14,2356905.158548,2310770.063667,0.000000,2153555.934674,CPTY_A
52,2018-02-16,14,2360640.756840,2308391.069211,0.000000,2346796.897795,CPTY_A
53,2018-03-02,14,2288592.117409,2246554.279000,-229864.702271,2154876.167447,CPTY_A
54,2018-03-16,18,2266469.360256,2209259.789597,0.000000,2122297.020720,CPTY_A
55,2018-04-03,10,2149477.457111,2132151.373470,0.000000,2194930.189516,CPTY_A
56,2018-04-13,14,2272354.182942,2236358.726334,93463.726323,2054644.340356,CPTY_A
57,2018-04-27,14,2315902.920216,2200471.973102,0.000000,2244706.498690,CPTY_A
58,2018-05-11,14,2075213.852175,2038005.585606,0.000000,2021575.105372,CPTY_A
59,2018-05-25,14,2135602.711543,2060197.135711,7545.611272,2164215.718225,CPTY_A
60,2018-06-08,14,2392160.586466,2306493.330471,0.000000,2268893.160632,CPTY_A
61,2018-06-22,14,2104072.068652,2069165.340686,0.000000,1977766.406780,CPTY_A
62,2018-07-06,14,2138829.201245,2049757.170290,0.000000,2551435.860855,CPTY_A
63,2018-07-20,14,2289382.907345,2209825.551874,86431.070626,1958661.294793,CPTY_A
64,2018-08-03,14,2068314.985026,2040656.309282,0.000000,2128939.633141,CPTY_A
65,2018-08-17,14,2289713.206287,2182214.906127,0.000000,2007061.626649,CPTY_A
66,2018-08-31,14,2258843.772193,2248526.926989,101519.394905,2219749.153969,CPTY_A
67,2018-09-14,14,2063293.892250,2052746.241069,0.000000,2051500.045999,CPTY_A
68,2018-09-28,14,2167469.038034,2140430.420077,0.000000,1879847.649559,CPTY_A
69,2018-10-12,14,2105844.919650,2047145.110562,82634.397120,1907927.670290,CPTY_A
70,2018-10-26,14,2072927.216537,1976746.268334,0.000000,2186542.806442,CPTY_A
71,2018-11-09,14,1982966.437835,1882274.815310,0.000000,1926937.688934,CPTY_A
72,2018-11-23,14,1977828.103339,1950172.046274,6584.424556,2281435.773722,CPTY_A
73,2018-12-07,14,2209263.151368,2201818.048817,0.000000,2038065.828514,CPTY_A
74,2018-12-21,14,2196368.984862,2121929.270425,0.000000,2054563.700642,CPTY_A
75,2019-01-04,14,1952852.909750,1880424.929657,0.000000,2128642.641440,CPTY_A
76,2019-01-18,14,1865089.402725,1819194.726950,83735.496481,2014422.003810,CPTY_A
77,2019-02-01,14,1951191.312148,1894656.802117,0.000000,2107557.793676,CPTY_A
78,2019-02-15,14,2011961.046169,1972797.220549,0.000000,2206309.060045,CPTY_A
79,2019-03-01,14,2044760.578266,1974545.982812,-197672.190982,2300182.162515,CPTY_A
80,2019-03-15,14,2247517.122122,2219230.285303,0.000000,1883151.814056,CPTY_A
81,2019-03-29,14,1704399.204512,1580601.262354,0.000000,1509341.232943,CPTY_A
82,2019-04-12,14,1895564.693720,1880864.290604,65579.705347,1929277.061947,CPTY_A
83,2019-04-26,14,1722349.095708,1676831.939693,0.000000,1471701.628666,CPTY_A
84,2019-05-10,14,1656370.328858,1585616.288487,0.000000,1443867.748866,CPTY_A
85,2019-05-24,14,1975001.701018,1899775.900925,-10024.901494,1790034.594954,CPTY_A
86,2019-06-07,14,1903129.863659,1828781.104122,0.000000,1912248.120752,CPTY_A
87,2019-06-21,14,1799533.929513,1754338.349181,0.000000,1665548.876815,CPTY_A
88,2019-07-05,14,2065745.454351,1969731.104693,0.000000,1863095.844763,CPTY_A
89,2019-07-19,14,1886746.896593,1710653.571674,58141.109683,1937944.946758,CPTY_A
90,2019-08-02,14,1838646.885327,1794189.384539,0.000000,1975398.370524,CPTY_A
91,2019-08-16,14,1804385.040763,1706249.735131,0.000000,1962550.885738,CPTY_A
92,2019-08-30,14,1890401.273418,1854658.086304,130866.317651,1776495.563020,CPTY_A
93,2019-09-13,14,1905549.740516,1821502.990123,0.000000,2043205.904500,CPTY_A
94,2019-09-27,14,1873937.739606,1746581.128949,0.000000,1980646.001800,CPTY_A
95,2019-10-11,14,1814870.289741,1717659.149803,57932.225701,1547576.139016,CPTY_A
96,2019-10-25,14,1740159.667111,1693136.670663,0.000000,1468199.343322,CPTY_A
97,2019-11-08,14,1838192.330111,1725329.825941,0.000000,1695004.739771,CPTY_A
98,2019-11-22,14,1825751.868608,1720433.912142,-10255.859432,1905965.144760,CPTY_A
99,2019-12-06,14,1854810.362896,1819818.352656,0.000000,2242918.950971,CPTY_A
100,2019-12-20,14,1781201.217038,1625380.161933,0.000000,2082690.591472,CPTY_A
101,2020-01-03,14,1654295.670515,1631941.430207,0.000000,1814115.475668,CPTY_A
102,2020-01-17,14,1646374.578787,1612065.328260,55912.631554,1803595.000452,CPTY_A
103,2020-01-31,14,1687251.301062,1608574.886102,0.000000,1471198.928557,CPTY_A
104,2020-02-14,14,1627643.371053,1602067.785074,0.000000,1500888.839666,CPTY_A
105,2020-02-28,14,1669934.516992,1663873.340051,-168240.708856,1385004.962591,CPTY_A
106,2020-03-13,14,1465472.132206,1446035.921955,0.000000,1623459.963002,CPTY_A
107,2020-03-27,18,1556689.994591,1527045.622100,0.000000,1503969.987419,CPTY_A
108,2020-04-14,10,1548923.998647,1434333.381699,38762.119675,1457889.449478,CPTY_A
109,2020-04-24,17,1648752.361595,1625724.252703,0.000000,1667563.519780,CPTY_A
110,2020-05-11,11,1675532.906423,1582867.356275,0.000000,1871842.817733,CPTY_A
111,2020-05-22,14,1692918.266106,1568979.659056,-28487.110495,1665882.119073,CPTY_A
112,2020-06-05,14,1619004.634555,1545672.624056,0.000000,1544920.535351,CPTY_A
113,2020-06-19,17,1520561.828914,1422934.305492,0.000000,1682256.998180,CPTY_A
114,2020-07-06,11,1477804.043090,1452966.066590,0.000000,1363919.141746,CPTY_A
115,2020-07-17,14,1464121.030603,1410633.067981,32623.301931,1636830.900525,CPTY_A
116,2020-07-31,14,1627820.004919,1556436.079793,0.000000,1837912.968138,CPTY_A
117,2020-08-14,14,1598468.259349,1464628.497426,0.000000,1580543.255520,CPTY_A
118,2020-08-28,14,1607284.560587,1501124.523341,149240.668326,1853235.589687,CPTY_A
119,2020-09-11,14,1310376.543852,1297079.147610,0.000000,1441499.289577,CPTY_A
120,2020-09-25,14,1436000.877179,1362124.048816,0.000000,1574941.989273,CPTY_A
121,2020-10-09,14,1390153.751260,1339100.844657,33119.290023,1269163.485736,CPTY_A
122,2020-10-23,14,1556526.325764,1502953.203478,0.000000,1495177.120838,CPTY_A
123,2020-11-06,14,1541306.595355,1427378.629559,0.000000,1774996.781919,CPTY_A
124,2020-11-20,14,1333677.557382,1280150.504886,0.000000,1197127.006877,CPTY_A
125,2020-12-04,14,1460414.986220,1360324.388370,-29362.915721,1356505.682102,CPTY_A
126,2020-12-18,17,1477855.266809,1391433.713943,0.000000,1431589.327591,CPTY_A
127,2021-01-04,11,1388775.160536,1349777.878567,0.000000,1291415.219312,CPTY_A
128,2021-01-15,14,1370130.863689,1362315.677663,32871.392897,1415003.013177,CPTY_A
129,2021-01-29,14,1386504.742792,1344587.063643,0.000000,1568398.386653,CPTY_A
130,2021-02-12,14,1410933.996886,1388803.130862,0.000000,1276233.053396,CPTY_A
131,2021-02-26,14,1196486.631125,1189867.316556,-144894.783873,1123548.882684,CPTY_A
132,2021-03-12,14,1350343.308426,1253247.975770,0.000000,1777087.260116,CPTY_A
133,2021-03-26,14,1305878.926996,1261804.657149,0.000000,1208516.760055,CPTY_A
134,2021-04-09,14,1199233.951783,1154463.751460,15600.574367,1252159.683414,CPTY_A
135,2021-04-23,14,1223824.795387,1159314.337373,0.000000,1417071.156684,CPTY_A
136,2021-05-07,14,1254394.895106,1217668.757234,0.000000,1392525.316483,CPTY_A
137,2021-05-21,14,1318494.110707,1196668.342764,0.000000,1248742.914964,CPTY_A
138,2021-06-04,14,1254990.190878,1226127.871648,-50896.458456,1169714.187353,CPTY_A
139,2021-06-18,14,1240164.639802,1200067.876880,0.000000,1225901.173314,CPTY_A
140,2021-07-02,14,1353472.638303,1230054.076148,0.000000,1378791.708610,CPTY_A
141,2021-07-16,14,1237286.522284,1204296.965866,10344.981484,1064595.273714,CPTY_A
142,2021-07-30,14,1278065.186517,1199943.238888,0.000000,1197002.134084,CPTY_A
143,2021-08-13,14,1194134.278188,1158758.522831,0.000000,1404163.319592,CPTY_A
144,2021-08-27,14,1219510.313284,1121194.056255,199234.953476,1252736.071586,CPTY_A
145,2021-09-10,14,1134298.147915,1101247.689368,0.000000,1107609.435517,CPTY_A
146,2021-09-24,14,1084425.877331,994928.685073,0.000000,1236412.526453,CPTY_A
147,2021-10-08,14,1223855.726410,1148050.250750,8824.130880,1089545.267068,CPTY_A
148,2021-10-22,14,1129037.806084,1025208.098812,0.000000,1350681.552577,CPTY_A
149,2021-11-05,14,1210468.105347,1094388.894549,0.000000,1264399.897362,CPTY_A
150,2021-11-19,14,1134182.448532,1082873.510343,0.000000,1219395.205598,CPTY_A
151,2021-12-03,14,1160769.450351,1044048.064359,-48477.828992,1104902.316433,CPTY_A
152,2021-12-17,18,1260210.964928,1084189.150898,0.000000,1378127.383348,CPTY_A
153,2022-01-04,10,1064172.850279,997964.998715,0.000000,1064113.963213,CPTY_A
154,2022-01-14,14,1089172.610560,1005991.844119,9921.641906,973194.848048,CPTY_A
155,2022-01-28,14,1119040.246111,1067295.118228,0.000000,1304789.505947,CPTY_A
156,2022-02-11,14,988223.158560,947379.559589,0.000000,1233134.968153,CPTY_A
157,2022-02-25,14,975430.098730,935436.387033,-105580.522868,1010434.550414,CPTY_A
158,2022-03-11,14,999330.023937,949685.204468,0.000000,962968.194401,CPTY_A
159,2022-03-25,14,913134.614658,894220.281374,0.000000,867330.018597,CPTY_A
160,2022-04-08,14,963895.065058,922955.965807,7039.677154,871297.630928,CPTY_A
161,2022-04-22,14,913372.701730,898876.341351,0.000000,752979.321355,CPTY_A
162,2022-05-06,14,999068.272649,986892.614333,0.000000,962134.689065,CPTY_A
163,2022-05-20,14,951880.015418,899676.340054,0.000000,925139.477929,CPTY_A
164,2022-06-03,14,812944.248965,793871.916373,-70677.097458,705641.269605,CPTY_A
165,2022-06-17,14,916842.346870,845307.081488,0.000000,1039127.855957,CPTY_A
166,2022-07-01,14,1018245.740260,944729.538364,0.000000,1122512.079906,CPTY_A
167,2022-07-15,14,1045209.779573,1027037.897472,3336.850314,1062577.987278,CPTY_A
168,2022-07-29,14,986368.632336,865094.831640,0.000000,933627.683378,CPTY_A
169,2022-08-12,14,924113.770428,886026.826740,0.000000,957669.228384,CPTY_A
170,2022-08-26,14,902015.354030,861988.913372,227284.218689,871419.202491,CPTY_A
171,2022-09-09,14,855043.696821,793574.284761,0.000000,840706.666375,CPTY_A
172,2022-09-23,14,923309.799596,821424.702532,0.000000,1017881.256551,CPTY_A
173,2022-10-07,14,861815.209897,824175.065586,0.000000,766511.546766,CPTY_A
174,2022-10-21,14,844852.989291,744143.748917,-330.691782,1015713.558599,CPTY_A
175,2022-11-04,14,771154.951485,748763.084338,0.000000,823354.466144,CPTY_A
176,2022-11-18,14,839335.471510,823615.060673,0.000000,880398.240790,CPTY_A
177,2022-12-02,14,838751.708198,788600.986981,-70242.069514,726293.905528,CPTY_A
178,2022-12-16,14,791170.300744,745612.469732,0.000000,857663.267509,CPTY_A
179,2022-12-30,14,864730.521591,782969.087554,0.000000,1016886.357042,CPTY_A
180,2023-01-13,14,845914.633806,803503.856492,1587.255866,923593.201340,CPTY_A
181,2023-01-27,14,851838.588518,801051.203928,0.000000,945398.874013,CPTY_A
182,2023-02-10,14,932117.756291,873263.342337,0.000000,968282.320734,CPTY_A
183,2023-02-24,14,897539.896365,835190.395255,-76032.208567,893965.050590,CPTY_A
184,2023-03-10,14,804972.805814,725279.675118,0.000000,802260.211614,CPTY_A
185,2023-03-24,18,899822.610970,775760.170026,0.000000,1051833.157068,CPTY_A
186,2023-04-11,10,840571.619743,755144.228257,0.000000,722318.252011,CPTY_A
187,2023-04-21,14,775210.617154,707222.186344,48.077578,797288.213403,CPTY_A
188,2023-05-05,14,752361.738955,676150.672086,0.000000,866656.895382,CPTY_A
189,2023-05-19,14,745397.271875,666536.817974,0.000000,915210.572106,CPTY_A
190,2023-06-02,14,795249.505551,755056.533748,-100620.177642,755282.255590,CPTY_A
191,2023-06-16,14,814751.679921,748392.387675,0.000000,1121510.599289,CPTY_A
192,2023-06-30,14,881284.375760,716342.882075,0.000000,743746.163491,CPTY_A
193,2023-07-14,14,728220.732418,679527.218338,-1982.558281,783728.896118,CPTY_A
194,2023-07-28,14,793012.204173,699671.495069,0.000000,937651.279361,CPTY_A
195,2023-08-11,14,936093.024999,747180.097327,0.000000,929347.577723,CPTY_A
196,2023-08-25,14,762398.356167,709318.293357,234161.537889,843631.210314,CPTY_A
197,2023-09-08,14,689819.190673,648910.019257,0.000000,732257.321845,CPTY_A
198,2023-09-22,14,639938.523838,630080.099627,0.000000,517522.331933,CPTY_A
199,2023-10-06,14,669954.719841,594890.359213,0.000000,781910.550106,CPTY_A
200,2023-10-20,14,763453.110692,608288.341886,-5318.017370,721573.512122,CPTY_A
201,2023-11-03,14,671530.239356,621603.125431,0.000000,812056.143236,CPTY_A
202,2023-11-17,14,684365.945400,545286.607530,0.000000,715176.161151,CPTY_A
203,2023-12-01,14,637039.963632,581297.401451,-95031.716446,599245.519483,CPTY_A
204,2023-12-15,14,655661.987043,624559.137693,0.000000,612914.776338,CPTY_A
205,2023-12-29,14,702704.756460,562374.278003,0.000000,777551.857775,CPTY_A
206,2024-01-12,14,619546.180140,603423.396458,-4312.459756,664091.187771,CPTY_A
207,2024-01-26,14,665315.282825,606805.434194,0.000000,812757.551579,CPTY_A
208,2024-02-09,14,626818.697934,564017.668085,0.000000,707482.242649,CPTY_A
209,2024-02-23,14,654798.310195,635880.748395,-55212.377925,676706.677483,CPTY_A
210,2024-03-08,14,570212.540946,456695.536419,0.000000,630230.772842,CPTY_A
211,2024-03-22,14,542318.905400,505897.278257,0.000000,665775.215884,CPTY_A
212,2024-04-05,14,514455.277926,424770.237194,0.000000,463414.572860,CPTY_A
213,2024-04-19,14,562953.926545,484773.327473,-20668.197397,527370.197533,CPTY_A
214,2024-05-03,14,488996.648997,443809.637355,0.000000,497874.112320,CPTY_A
215,2024-05-17,14,586705.718306,522996.461089,0.000000,475469.714478,CPTY_A
216,2024-05-31,14,596867.695813,469836.421947,-95227.113505,459019.471913,CPTY_A
217,2024-06-14,14,551461.508431,433230.619430,0.000000,691812.749599,CPTY_A
218,2024-06-28,14,581564.940711,532653.151489,0.000000,550201.467479,CPTY_A
219,2024-07-12,14,588482.271902,503357.938799,-27289.856306,632538.083038,CPTY_A
220,2024-07-26,14,601761.371729,503687.324197,0.000000,613537.167737,CPTY_A
221,2024-08-09,14,558443.031008,505677.799868,0.000000,663252.059940,CPTY_A
222,2024-08-23,14,533149.443654,452423.038328,261888.965909,588074.085083,CPTY_A
223,2024-09-06,14,449203.629987,377005.787182,0.000000,471845.370438,CPTY_A
224,2024-09-20,14,474494.876322,401652.260682,0.000000,598699.212637,CPTY_A
225,2024-10-04,14,439199.409170,343947.769161,0.000000,528782.242630,CPTY_A
226,2024-10-18,14,410656.062351,375821.596642,-30080.606426,567715.222759,CPTY_A
227,2024-11-01,14,435087.910448,420749.520214,0.000000,413658.088615,CPTY_A
228,2024-11-15,14,458811.103266,420494.902815,0.000000,409434.211479,CPTY_A
229,2024-11-29,14,472869.459509,372861.360450,-95590.871418,438282.463658,CPTY_A
230,2024-12-13,14,451232.729338,387514.605023,0.000000,394075.682099,CPTY_A
231,2024-12-27,14,441967.005137,404979.096636,0.000000,497162.315085,CPTY_A
232,2025-01-10,14,542353.567992,434633.366475,0.000000,453693.974482,CPTY_A
233,2025-01-24,14,457931.681639,349808.204790,0.000000,366736.762827,CPTY_A
234,2025-02-07,14,423854.011247,364171.243722,0.000000,444779.793272,CPTY_A
235,2025-02-21,14,441185.197341,336876.098132,-39899.481380,335052.666829,CPTY_A
236,2025-03-07,14,356049.476794,286828.225852,0.000000,298038.012559,CPTY_A
237,2025-03-21,14,306038.246067,279040.373666,0.000000,268499.330107,CPTY_A
238,2025-04-04,18,297962.344190,271811.054639,0.000000,343829.318589,CPTY_A
239,2025-04-22,10,351670.797221,310486.471466,0.000000,507302.226256,CPTY_A
240,2025-05-02,14,364939.376814,279605.535352,0.000000,419345.780892,CPTY_A
241,2025-05-16,14,323439.577401,275272.624950,0.000000,345006.414245,CPTY_A
242,2025-05-30,14,353724.157318,313314.374379,-126495.721416,385306.556535,CPTY_A
243,2025-06-13,14,324989.815103,287075.233211,0.000000,399210.516314,CPTY_A
244,2025-06-27,14,319921.196171,268827.485994,0.000000,371691.804840,CPTY_A
245,2025-07-11,14,328166.085639,306722.275437,0.000000,382881.045419,CPTY_A
246,2025-07-25,14,343067.639148,271693.072118,0.000000,386229.531117,CPTY_A
247,2025-08-08,14,331529.026271,272033.824974,0.000000,326934.744134,CPTY_A
248,2025-08-22,14,322123.930157,277425.126061,248347.999093,447557.040188,CPTY_A
249,2025-09-05,14,315937.872977,261133.323530,0.000000,340960.546039,CPTY_A
250,2025-09-19,14,223856.915389,173834.708580,0.000000,151688.192620,CPTY_A
251,2025-10-03,14,218272.859462,213526.223856,0.000000,180669.038174,CPTY_A
252,2025-10-17,14,230051.634201,198071.514079,0.000000,369990.045047,CPTY_A
253,2025-10-31,14,232999.959588,175862.581201,0.000000,233514.819925,CPTY_A
254,2025-11-14,14,253109.229357,189116.229369,0.000000,374060.613153,CPTY_A
255,2025-11-28,14,215963.506252,200919.718691,-123343.139771,212160.113358,CPTY_A
256,2025-12-12,17,240922.598601,186712.892382,0.000000,182048.163245,CPTY_A
257,2025-12-29,11,214097.378077,186742.033443,0.000000,233861.203944,CPTY_A
258,2026-01-09,14,212178.841754,182915.640399,0.000000,225084.875487,CPTY_A
259,2026-01-23,14,220689.369635,170188.305043,0.000000,235137.404368,CPTY_A
260,2026-02-06,14,220430.271735,192608.605563,0.000000,240810.657093,CPTY_A
261,2026-02-20,14,184695.810388,147207.511452,-49764.798912,229687.447633,CPTY_A
262,2026-03-06,14,119144.161612,94643.898815,0.000000,122134.731084,CPTY_A
263,2026-03-20,18,104873.679973,98159.147266,0.000000,110825.528172,CPTY_A
264,2026-04-07,10,107910.060192,80463.344071,0.000000,81788.767295,CPTY_A
265,2026-04-17,18,123472.427241,101419.184967,0.000000,103338.168357,CPTY_A
266,2026-05-05,10,107486.361523,91102.262713,0.000000,115839.504539,CPTY_A
267,2026-05-15,14,107504.556541,93478.240413,0.000000,107220.752992,CPTY_A
268,2026-05-29,14,124548.153177,105594.785685,-125228.150468,126482.921052,CPTY_A
269,2026-06-12,14,111071.898378,95066.824674,0.000000,128543.601347,CPTY_A
270,2026-06-26,14,115983.165850,95032.036266,0.000000,117261.547722,CPTY_A
271,2026-07-10,14,135637.419059,107962.818772,0.000000,224172.293613,CPTY_A
272,2026-07-24,14,116441.372093,105630.728111,0.000000,106648.299135,CPTY_A
273,2026-08-07,14,117427.334939,90736.687755,0.000000,154327.023642,CPTY_A
274,2026-08-21,14,113020.160391,92666.434649,0.000000,119801.306957,CPTY_A
275,2026-09-04,14,128368.089028,100557.946649,237499.062605,102468.293273,CPTY_A
276,2026-09-18,14,29539.835226,22427.082875,0.000000,27655.673376,CPTY_A
277,2026-10-02,14,34652.151565,25932.701158,0.000000,33478.283433,CPTY_A
278,2026-10-16,14,27845.066418,21946.804646,0.000000,42940.844044,CPTY_A
279,2026-10-30,14,27804.150908,24427.369566,0.000000,38145.121947,CPTY_A
280,2026-11-13,14,27883.117097,22534.885496,0.000000,31105.839704,CPTY_A
281,2026-11-27,14,25305.068374,20710.829159,0.000000,27802.394887,CPTY_A
282,2026-12-11,18,30741.455066,23909.455120,0.000000,31308.505611,CPTY_A
283,2026-12-29,10,29754.203185,22669.201699,0.000000,37562.564671,CPTY_A
284,2027-01-08,14,33502.884402,28642.621023,0.000000,48182.317262,CPTY_A
285,2027-01-22,14,37762.798707,29518.989207,0.000000,25181.191445,CPTY_A
286,2027-02-05,14,32731.769012,25489.458576,0.000000,65200.088430,CPTY_A
287,2027-02-19,14,2424.350802,2285.738726,66870.584642,5701.508161,CPTY_A
288,2027-03-05,14,0.000000,0.000000,0.000000,0.000000,CPTY_A
